Cleaver
20 150 1.5
Katana
40 100 2.5
Polearm
30 220 1
Dagger
15 40 3.5
Shotgun
50 300 1
Pistol
35 60 3
Crossbow
14 150 .5
Mace
18 140 1.34
Broomstick
5 30 2.5
Baseball Bat
10 50 1.5
Steel Baseball Bat
10 90 1.5
Hat1
10 30 20 0 0 160 64
Hat2
10 40 0 40 0 120 75
Hat3
10 24 28 27 0 90 77
Hat4
10 43 24 40 0 110 93
Hat5
10 0 40 29 0 140 87
Hat6
10 28 0 31 0 100 80
Hat7
10 0 0 32 30 70 59
Hat8
10 0 22 0 40 150 79
Hat9
10 45 24 36 0 135 64
Hat10
10 33 0 24 0 105 93
Hat11
10 33 30 24 0 115 94
Mittens
15 0 40 30 0 130 82
Gloves2
15 29 0 26 20 167 86
Gloves3
15 45 0 41 0 101 88
Gloves4
15 23 38 0 0 72 87
Gloves5
15 25 0 42 0 75 94
Gloves6
15 38 43 0 0 120 87
Gloves7
15 38 22 44 0 131 77
Gloves8
15 31 44 28 0 136 94
Gloves9
15 44 34 36 0 127 66
Gloves10
15 0 35 0 35 143 88
Gloves10
15 20 35 0 35 144 92
Cleats
20 30 0 30 20 140 80
Boots2
20 0 0 42 30 129 92
Boots3
20 26 38 43 0 132 86
Boots4
20 39 41 44 0 114 93
Boots5
20 22 40 34 0 141 72
Boots6
20 24 38 35 0 151 74
Boots7
20 41 27 0 0 143 84
Boots8
20 44 35 23 0 150 71
Boots9
20 0 45 0 36 85 56
Boots10
20 32 0 23 28 105 94
Boots11
20 32 0 33 28 115 96
Bullet Proof Vest
20 20 20 0 36 280 90
Chest2
20 27 36 31 0 406 109
Chest3
20 37 39 43 0 318 77
Chest4
20 44 0 31 0 467 85
Chest5
20 33 36 28 0 445 94
Chest6
20 26 34 28 0 251 113
Chest7
20 0 22 27 26 469 117
Chest8
20 29 0 41 0 358 75
Chest9
20 42 0 38 0 288 99
Chest10
20 42 45 0 0 242 97
Chest11
20 42 45 35 0 342 107
SuperBowl XVII Ring
25 20 20 30 0 0 66
Ring2
25 24 0 41 25 0 68
Ring3
25 42 0 38 0 58 89
Ring4
25 34 35 39 0 0 70
Ring5
25 43 37 38 0 0 75
Ring6
25 34 39 42 0 0 83
Ring7
25 0 42 33 0 96 62
Ring8
25 34 0 38 27 0 98
Ring9
25 0 21 24 42 0 88
Ring10
25 44 34 27 0 0 59
Ring11
25 44 34 37 0 40 79
Engagement Ring
35 40 40 26 0 0 62
Ring2
25 39 41 45 0 0 60
Ring3
25 36 41 44 0 0 69
Ring4
25 0 23 43 35 0 84
Ring5
25 31 42 0 0 114 84
Ring6
25 45 32 0 22 87 56
Ring7
25 0 0 22 44 117 94
Ring8
25 0 43 38 0 109 89
Ring9
25 45 36 43 0 0 96
Ring10
25 0 43 24 0 98 79
Ring11
25 41 43 24 0 98 89
Neck Tie
40 0 25 25 41 0 76
Amulet2
40 0 34 44 0 116 77
Amulet3
40 43 40 33 0 0 80
Amulet4
40 41 0 24 0 123 79
Amulet5
40 26 42 0 22 0 85
Amulet6
40 21 37 43 0 0 85
Amulet7
40 41 0 0 45 108 58
Amulet8
40 45 27 32 0 0 62
Amulet9
40 33 40 40 0 0 86
Amulet10
40 45 22 43 0 0 65
Amulet11
40 45 32 43 0 0 85
Gucci Belt
50 0 20 20 39 203 102
Belt2
50 0 44 40 0 105 89
Belt3
50 22 0 0 40 134 106
Belt4
50 21 32 0 32 169 102
Belt5
50 0 38 23 0 90 86
Belt6
50 0 42 0 0 155 89
Belt7
50 31 0 30 0 208 99
Belt8
50 34 0 32 0 213 91
Belt9
50 24 0 23 40 103 81
Belt10
50 43 0 25 20 103 88
Belt11
50 43 0 45 20 123 98